X inputs: 
 [-0.75275929]
 [ 2.70428584]
 [ 1.39196365]
 [ 0.59195091]
 [-2.06388816]
 [-2.06403288]
 [-2.65149833]
 [ 2.19705687]
 [ 0.60669007]
 [ 1.24843547]
 [-2.87649303]
 [ 2.81945911]
 [ 1.99465584]
 [-1.72596534]
 [-1.9090502 ]
 [-1.89957294]
 [-1.17454654]
 [ 0.14853859]
 [-0.40832989]
 [-1.25262516]
 [ 0.67111737]
 [-2.16303684]
 [-1.24713211]
 [-0.80182894]
 [-0.26358009]
 [ 1.71105577]
 [-1.80195731]
 [ 0.08540663]
 [ 0.55448741]
 [-2.72129752]
 [ 0.64526911]
 [-1.97685526]
 [-2.60969044]
 [ 2.69331322]
 [ 2.7937922 ]
 [ 1.85038409]
 [-1.17231738]
 [-2.41396732]
 [ 1.10539816]
 [-0.35908504]
y target: 
 [-0.44822073  0.33122576  0.77932073  0.03497884 -1.38773632 -2.47196233
 -1.52730805  1.49417157  1.00032374  0.22956153 -1.05979555  0.7789638
  0.75418806 -1.51369739 -1.67303415 -0.90496988  0.08448544 -0.52734666
 -0.54114599 -0.3409073   0.21778193 -1.12469096  0.37299129  0.09756349
 -0.98618122  0.96695428 -1.13455014  0.69798591  0.43655826 -0.95652133
  0.03527881 -2.08581717 -0.47411033  1.53708251  0.86893293  1.87664889
  0.0945257  -1.41502356  0.25438895  0.09398858]