X inputs: 
 [ 9.96346605  4.59676542]
 [11.0329545  -0.16816717]
 [11.54155807  5.21116083]
 [ 8.69289001  1.54322016]
 [ 8.1062269   4.28695977]
 [ 8.30988863  4.80623966]
 [11.93027136  4.64866327]
 [ 9.67284681 -0.20283165]
 [ 8.34810316  5.13415623]
 [ 8.67494727  4.47573059]
 [ 9.17748385  5.09283177]
 [10.24028948  2.45544401]
 [ 8.68937095  1.48709629]
 [ 8.92229526 -0.63993225]
 [ 9.49123469  4.33224792]
 [ 9.25694192  5.13284858]
 [ 7.99815287  4.8525051 ]
 [ 8.18378052  1.29564214]
 [ 8.7337095   2.49162431]
 [ 9.32298256  5.09840649]
 [10.06393839  0.99078055]
 [ 9.50048972 -0.26430318]
 [ 8.34468785  1.63824349]
 [ 9.50169345  1.93824624]
 [ 9.15072323  5.49832246]
 [11.563957    1.3389402 ]
y target: 
 [1 0 1 0 0 1 1 0 1 1 1 1 0 0 1 1 1 0 0 1 0 0 0 0 1 0]